688252.900000	673685.400000	424.180000	Fault_interpretation_100	0
688381.300000	673620.700000	672.490000	Fault_interpretation_100	0
688494.100000	673563.800000	915.140000	Fault_interpretation_100	0
688231.400000	673584.300000	387.930000	Fault_interpretation_100	1
688462.200000	673467.900000	873.150000	Fault_interpretation_100	1
688525.100000	673436.200000	978.610000	Fault_interpretation_100	1
688376.900000	673846.900000	419.660000	Fault_interpretation_100	2
688526.400000	673771.500000	725.780000	Fault_interpretation_100	2
688592.000000	673738.500000	859.580000	Fault_interpretation_100	2
688373.900000	673736.400000	420.790000	Fault_interpretation_100	3
688541.700000	673651.800000	758.650000	Fault_interpretation_100	3
688612.500000	673616.100000	861.840000	Fault_interpretation_100	3
690460.400000	677052.100000	459.080000	Fault_interpretation_38	4
690607.900000	676977.700000	724.140000	Fault_interpretation_38	4
690794.700000	676883.600000	976.480000	Fault_interpretation_38	4
690952.000000	676804.300000	1098.310000	Fault_interpretation_38	4
688880.700000	675944.600000	348.220000	Fault_interpretation_38	5
688962.500000	675903.400000	590.970000	Fault_interpretation_38	5
689024.000000	675872.400000	764.580000	Fault_interpretation_38	5
689171.600000	675798.000000	950.560000	Fault_interpretation_38	5
689331.000000	675717.600000	1269.370000	Fault_interpretation_38	5
689791.900000	675485.300000	2346.160000	Fault_interpretation_38	5
688463.200000	675259.200000	419.120000	Fault_interpretation_38	6
688524.700000	675228.200000	605.100000	Fault_interpretation_38	6
688672.100000	675153.900000	842.550000	Fault_interpretation_38	6
688753.100000	675113.100000	1022.940000	Fault_interpretation_38	6
688791.800000	675093.600000	1116.990000	Fault_interpretation_38	6
689105.400000	674935.500000	2108.020000	Fault_interpretation_38	6
688721.200000	675129.200000	942.700000	Fault_interpretation_38	6
689395.900000	676580.800000	400.500000	Fault_interpretation_38	7
689457.500000	676549.800000	577.760000	Fault_interpretation_38	7
689547.600000	676504.300000	735.350000	Fault_interpretation_38	7
689674.600000	676440.400000	894.830000	Fault_interpretation_38	7
689830.300000	676361.800000	1034.760000	Fault_interpretation_38	7
689947.300000	676302.900000	1263.660000	Fault_interpretation_38	7
690196.700000	676177.200000	1905.950000	Fault_interpretation_38	7
689908.600000	676322.400000	1164.100000	Fault_interpretation_38	7
689682.500000	676884.300000	427.120000	Fault_interpretation_38	8
689817.800000	676816.100000	643.250000	Fault_interpretation_38	8
689952.900000	676748.000000	776.110000	Fault_interpretation_38	8
690047.200000	676700.500000	845.250000	Fault_interpretation_38	8
690157.700000	676644.700000	944.420000	Fault_interpretation_38	8
690210.300000	676618.200000	1130.790000	Fault_interpretation_38	8
690460.100000	676492.300000	1897.660000	Fault_interpretation_38	8
690248.600000	676598.900000	1255.380000	Fault_interpretation_38	8
690274.600000	676585.800000	1308.010000	Fault_interpretation_38	8
688021.700000	674787.400000	394.270000	Fault_interpretation_38	9
688144.500000	674725.500000	697.210000	Fault_interpretation_38	9
688267.300000	674663.600000	904.500000	Fault_interpretation_38	9
688382.000000	674605.800000	1083.420000	Fault_interpretation_38	9
689108.100000	674239.800000	2108.020000	Fault_interpretation_38	9
688266.600000	675111.900000	394.270000	Fault_interpretation_38	10
688389.500000	675050.000000	697.210000	Fault_interpretation_38	10
688512.300000	674988.100000	904.500000	Fault_interpretation_38	10
688910.200000	674787.500000	2124.760000	Fault_interpretation_38	10
688641.700000	674922.800000	1213.970000	Fault_interpretation_38	10
688078.000000	674781.400000	560.250000	Fault_interpretation_38	11
688265.600000	674686.900000	909.390000	Fault_interpretation_38	11
688521.700000	674557.800000	1294.210000	Fault_interpretation_38	11
689091.600000	674270.600000	2138.570000	Fault_interpretation_38	11
688954.200000	676131.600000	286.260000	Fault_interpretation_38	12
689069.100000	676073.600000	608.630000	Fault_interpretation_38	12
689228.700000	675993.200000	851.380000	Fault_interpretation_38	12
689440.200000	675886.600000	1188.940000	Fault_interpretation_38	12
689856.400000	675676.800000	1847.790000	Fault_interpretation_38	12
688627.000000	675400.600000	403.100000	Fault_interpretation_38	13
688717.200000	675355.100000	580.250000	Fault_interpretation_38	13
688831.800000	675297.300000	847.850000	Fault_interpretation_38	13
688913.700000	675256.100000	1205.690000	Fault_interpretation_38	13
689035.400000	675194.700000	1947.540000	Fault_interpretation_38	13
688894.600000	675265.700000	1075.580000	Fault_interpretation_38	13
689122.100000	676270.900000	298.630000	Fault_interpretation_38	14
689195.900000	676233.700000	520.060000	Fault_interpretation_38	14
689277.900000	676192.400000	748.560000	Fault_interpretation_38	14
689474.500000	676093.300000	957.620000	Fault_interpretation_38	14
689991.100000	675832.900000	1817.420000	Fault_interpretation_38	14
688733.400000	675570.900000	367.650000	Fault_interpretation_38	15
688803.100000	675535.800000	576.710000	Fault_interpretation_38	15
688913.700000	675480.100000	768.110000	Fault_interpretation_38	15
688979.000000	675447.100000	915.100000	Fault_interpretation_38	15
689067.600000	675402.500000	1155.820000	Fault_interpretation_38	15
689195.700000	675337.900000	1881.100000	Fault_interpretation_38	15
689042.100000	675415.300000	1053.310000	Fault_interpretation_38	15
689093.500000	675389.400000	1269.370000	Fault_interpretation_38	15
690329.600000	677006.100000	492.720000	Fault_interpretation_38	16
690432.000000	676954.400000	673.400000	Fault_interpretation_38	16
690645.000000	676847.100000	933.820000	Fault_interpretation_38	16
690941.000000	676697.900000	1451.930000	Fault_interpretation_38	16
690992.100000	676672.100000	1557.200000	Fault_interpretation_38	16
690844.900000	676746.300000	1274.890000	Fault_interpretation_38	16
690928.300000	676704.300000	1410.520000	Fault_interpretation_38	16
689252.800000	676429.000000	342.080000	Fault_interpretation_38	17
689334.500000	676387.800000	567.040000	Fault_interpretation_38	17
689379.700000	676365.000000	671.630000	Fault_interpretation_38	17
689441.300000	676334.000000	781.410000	Fault_interpretation_38	17
689551.900000	676278.200000	896.600000	Fault_interpretation_38	17
689699.200000	676204.000000	1056.080000	Fault_interpretation_38	17
690190.100000	675956.500000	1836.750000	Fault_interpretation_38	17
689876.400000	676114.600000	1319.060000	Fault_interpretation_38	17
689953.000000	676076.000000	1399.480000	Fault_interpretation_38	17
689818.600000	676143.800000	1252.620000	Fault_interpretation_38	17
688157.300000	674965.400000	366.860000	Fault_interpretation_38	18
688557.700000	674763.600000	1149.020000	Fault_interpretation_38	18
688624.500000	674729.900000	1499.040000	Fault_interpretation_38	18
688752.600000	674665.400000	2096.970000	Fault_interpretation_38	18
688437.900000	675249.600000	394.270000	Fault_interpretation_38	19
688560.700000	675187.700000	697.210000	Fault_interpretation_38	19
688683.500000	675125.700000	904.500000	Fault_interpretation_38	19
688798.200000	675067.900000	1083.420000	Fault_interpretation_38	19
688311.700000	675111.600000	565.900000	Fault_interpretation_38	20
688496.700000	675018.300000	867.800000	Fault_interpretation_38	20
688714.500000	674908.500000	1379.970000	Fault_interpretation_38	20
688810.300000	674860.300000	1905.950000	Fault_interpretation_38	20
688874.600000	674827.900000	2085.930000	Fault_interpretation_38	20
689543.400000	676730.400000	427.120000	Fault_interpretation_38	21
689608.800000	676697.500000	593.660000	Fault_interpretation_38	21
689654.000000	676674.700000	694.600000	Fault_interpretation_38	21
689694.900000	676654.100000	792.130000	Fault_interpretation_38	21
689801.300000	676600.400000	912.620000	Fault_interpretation_38	21
689940.800000	676530.100000	1027.690000	Fault_interpretation_38	21
690318.600000	676339.700000	1922.510000	Fault_interpretation_38	21
690113.900000	676442.900000	1227.780000	Fault_interpretation_38	21
690177.800000	676410.700000	1327.340000	Fault_interpretation_38	21
689965.000000	676965.800000	467.870000	Fault_interpretation_38	22
690153.500000	676870.800000	701.790000	Fault_interpretation_38	22
690306.700000	676793.600000	948.230000	Fault_interpretation_38	22
690409.300000	676741.900000	1108.700000	Fault_interpretation_38	22
690550.100000	676670.900000	1479.720000	Fault_interpretation_38	22
688753.700000	675784.700000	360.580000	Fault_interpretation_38	23
688827.500000	675747.500000	544.910000	Fault_interpretation_38	23
688901.300000	675710.300000	683.070000	Fault_interpretation_38	23
689003.700000	675658.700000	869.050000	Fault_interpretation_38	23
689126.500000	675596.700000	1023.230000	Fault_interpretation_38	23
689215.500000	675551.900000	1208.450000	Fault_interpretation_38	23
689388.300000	675464.800000	1958.580000	Fault_interpretation_38	23
688176.600000	674933.300000	394.270000	Fault_interpretation_38	24
688299.500000	674871.400000	697.210000	Fault_interpretation_38	24
688422.300000	674809.500000	904.500000	Fault_interpretation_38	24
688536.900000	674751.700000	1083.420000	Fault_interpretation_38	24
699313.600000	674045.400000	670.110000	Fault_interpretation_25	25
699614.500000	673893.800000	1052.170000	Fault_interpretation_25	25
699928.100000	673735.700000	1398.150000	Fault_interpretation_25	25
700929.200000	673231.100000	2675.150000	Fault_interpretation_25	25
694767.800000	672081.400000	578.830000	Fault_interpretation_25	26
694953.300000	671987.800000	908.250000	Fault_interpretation_25	26
695079.200000	671924.400000	1254.120000	Fault_interpretation_25	26
696367.500000	671275.000000	3039.490000	Fault_interpretation_25	26
698550.700000	673758.000000	664.590000	Fault_interpretation_25	27
698569.900000	673748.400000	855.620000	Fault_interpretation_25	27
698614.600000	673725.900000	985.730000	Fault_interpretation_25	27
698826.100000	673619.300000	1176.760000	Fault_interpretation_25	27
699114.200000	673474.000000	1376.070000	Fault_interpretation_25	27
699479.800000	673289.800000	1693.510000	Fault_interpretation_25	27
700392.000000	672829.900000	2994.630000	Fault_interpretation_25	27
699392.000000	673334.000000	1603.560000	Fault_interpretation_25	27
699528.200000	673265.400000	1762.750000	Fault_interpretation_25	27
697769.000000	673704.200000	562.270000	Fault_interpretation_25	28
697890.700000	673642.800000	836.290000	Fault_interpretation_25	28
697948.100000	673613.900000	1032.840000	Fault_interpretation_25	28
698082.600000	673546.100000	1223.870000	Fault_interpretation_25	28
698389.900000	673391.200000	1506.180000	Fault_interpretation_25	28
698639.700000	673265.300000	1727.580000	Fault_interpretation_25	28
699651.900000	672755.100000	2828.540000	Fault_interpretation_25	28
699899.700000	672630.100000	3022.240000	Fault_interpretation_25	28
699902.800000	673972.400000	988.490000	Fault_interpretation_25	29
700101.500000	673872.300000	1331.720000	Fault_interpretation_25	29
700319.000000	673762.600000	1600.220000	Fault_interpretation_25	29
701132.500000	673352.600000	2689.510000	Fault_interpretation_25	29
698922.500000	673794.600000	761.580000	Fault_interpretation_25	30
699018.200000	673746.400000	1010.580000	Fault_interpretation_25	30
699152.700000	673678.600000	1185.040000	Fault_interpretation_25	30
699402.500000	673552.700000	1400.910000	Fault_interpretation_25	30
699684.200000	673410.700000	1558.820000	Fault_interpretation_25	30
699831.100000	673336.700000	1729.650000	Fault_interpretation_25	30
700643.500000	672927.200000	2680.020000	Fault_interpretation_25	30
698223.700000	673698.900000	675.630000	Fault_interpretation_25	31
698236.900000	673692.300000	861.140000	Fault_interpretation_25	31
698236.900000	673692.300000	949.840000	Fault_interpretation_25	31
698313.500000	673653.700000	1049.410000	Fault_interpretation_25	31
698530.900000	673544.100000	1279.270000	Fault_interpretation_25	31
698742.400000	673437.500000	1500.660000	Fault_interpretation_25	31
699177.800000	673218.000000	1824.560000	Fault_interpretation_25	31
699254.400000	673179.400000	1877.200000	Fault_interpretation_25	31
700318.000000	672643.300000	3036.040000	Fault_interpretation_25	31
695262.300000	672728.000000	589.870000	Fault_interpretation_25	32
695390.400000	672663.400000	863.900000	Fault_interpretation_25	32
695569.600000	672573.100000	1162.960000	Fault_interpretation_25	32
695742.300000	672486.000000	1398.150000	Fault_interpretation_25	32
695927.900000	672392.500000	1650.100000	Fault_interpretation_25	32
696152.100000	672279.400000	1960.200000	Fault_interpretation_25	32
696919.700000	671892.600000	3039.490000	Fault_interpretation_25	32
696756.100000	673318.800000	548.460000	Fault_interpretation_25	33
696807.200000	673293.100000	811.270000	Fault_interpretation_25	33
696877.800000	673257.500000	1021.800000	Fault_interpretation_25	33
696979.900000	673206.000000	1232.150000	Fault_interpretation_25	33
697159.500000	673115.500000	1453.550000	Fault_interpretation_25	33
697421.700000	672983.300000	1702.730000	Fault_interpretation_25	33
697728.900000	672828.500000	2043.200000	Fault_interpretation_25	33
698812.000000	672282.600000	3150.370000	Fault_interpretation_25	33
696846.100000	673497.400000	418.350000	Fault_interpretation_25	34
696890.800000	673474.900000	614.900000	Fault_interpretation_25	34
697018.900000	673410.300000	883.410000	Fault_interpretation_25	34
697166.100000	673336.100000	1160.200000	Fault_interpretation_25	34
697300.600000	673268.300000	1367.790000	Fault_interpretation_25	34
697486.100000	673174.800000	1539.310000	Fault_interpretation_25	34
697748.700000	673042.500000	1758.130000	Fault_interpretation_25	34
698100.600000	672865.100000	2087.550000	Fault_interpretation_25	34
699254.100000	672283.700000	3105.290000	Fault_interpretation_25	34
698405.700000	672711.300000	2368.220000	Fault_interpretation_25	34
694902.500000	672237.400000	515.150000	Fault_interpretation_25	35
695028.700000	672173.800000	808.500000	Fault_interpretation_25	35
695107.600000	672134.000000	991.250000	Fault_interpretation_25	35
695241.600000	672066.500000	1293.070000	Fault_interpretation_25	35
695274.000000	672050.200000	1326.200000	Fault_interpretation_25	35
696225.600000	671570.500000	2987.730000	Fault_interpretation_25	35
696025.200000	673015.300000	534.480000	Fault_interpretation_25	36
696127.700000	672963.700000	850.100000	Fault_interpretation_25	36
696242.600000	672905.700000	1121.360000	Fault_interpretation_25	36
696364.300000	672844.400000	1353.990000	Fault_interpretation_25	36
696530.700000	672760.500000	1553.300000	Fault_interpretation_25	36
696709.900000	672670.200000	1780.210000	Fault_interpretation_25	36
697013.600000	672517.100000	2157.270000	Fault_interpretation_25	36
697693.500000	672174.400000	3105.290000	Fault_interpretation_25	36
696275.200000	673113.300000	567.790000	Fault_interpretation_25	37
696345.400000	673077.900000	850.100000	Fault_interpretation_25	37
696396.900000	673051.900000	969.170000	Fault_interpretation_25	37
696505.400000	672997.200000	1198.840000	Fault_interpretation_25	37
696595.200000	672952.000000	1353.990000	Fault_interpretation_25	37
696755.200000	672871.300000	1556.060000	Fault_interpretation_25	37
696915.200000	672790.700000	1713.770000	Fault_interpretation_25	37
697107.100000	672693.900000	1924.130000	Fault_interpretation_25	37
697293.100000	672600.200000	2126.200000	Fault_interpretation_25	37
697414.400000	672539.100000	2225.940000	Fault_interpretation_25	37
698351.600000	672066.700000	3074.230000	Fault_interpretation_25	37
695474.000000	672845.200000	545.520000	Fault_interpretation_25	38
695576.200000	672793.700000	811.270000	Fault_interpretation_25	38
695755.300000	672703.400000	1074.250000	Fault_interpretation_25	38
695902.600000	672629.200000	1337.240000	Fault_interpretation_25	38
696075.300000	672542.100000	1591.940000	Fault_interpretation_25	38
696382.600000	672387.200000	1893.760000	Fault_interpretation_25	38
697001.700000	672075.200000	2935.740000	Fault_interpretation_25	38
695024.400000	672399.900000	520.670000	Fault_interpretation_25	39
695178.000000	672322.500000	852.860000	Fault_interpretation_25	39
695267.800000	672277.200000	1021.800000	Fault_interpretation_25	39
695364.000000	672228.800000	1279.270000	Fault_interpretation_25	39
695427.800000	672196.600000	1453.550000	Fault_interpretation_25	39
695543.100000	672138.500000	1658.380000	Fault_interpretation_25	39
695671.200000	672073.900000	1805.060000	Fault_interpretation_25	39
695677.600000	672070.700000	1805.060000	Fault_interpretation_25	39
696227.400000	671793.600000	2904.690000	Fault_interpretation_25	39
699121.400000	673918.300000	636.980000	Fault_interpretation_25	40
699327.500000	673814.500000	965.130000	Fault_interpretation_25	40
699639.800000	673657.100000	1334.480000	Fault_interpretation_25	40
699889.100000	673531.400000	1561.580000	Fault_interpretation_25	40
700225.700000	673361.700000	1926.660000	Fault_interpretation_25	40
700772.900000	673085.900000	2671.600000	Fault_interpretation_25	40
700193.400000	673378.000000	1885.300000	Fault_interpretation_25	40
700251.800000	673348.600000	1971.950000	Fault_interpretation_25	40
697185.900000	673550.100000	581.590000	Fault_interpretation_25	41
697307.200000	673489.000000	911.010000	Fault_interpretation_25	41
697454.500000	673414.800000	1270.800000	Fault_interpretation_25	41
697640.000000	673321.200000	1486.860000	Fault_interpretation_25	41
697845.100000	673217.800000	1644.580000	Fault_interpretation_25	41
698197.000000	673040.500000	1882.720000	Fault_interpretation_25	41
699495.800000	672385.800000	3088.030000	Fault_interpretation_25	41
698613.200000	672830.700000	2217.660000	Fault_interpretation_25	41
697506.200000	673612.700000	625.940000	Fault_interpretation_25	42
697634.300000	673548.100000	924.820000	Fault_interpretation_25	42
697787.900000	673470.700000	1204.360000	Fault_interpretation_25	42
697909.600000	673409.300000	1384.350000	Fault_interpretation_25	42
698127.100000	673299.700000	1594.700000	Fault_interpretation_25	42
698408.800000	673157.700000	1794.010000	Fault_interpretation_25	42
698825.600000	672947.600000	2153.820000	Fault_interpretation_25	42
699601.700000	672556.400000	3060.430000	Fault_interpretation_25	42
699114.000000	672802.300000	2479.110000	Fault_interpretation_25	42
695781.500000	672914.200000	606.430000	Fault_interpretation_25	43
695851.700000	672878.800000	866.660000	Fault_interpretation_25	43
695909.600000	672849.600000	1052.170000	Fault_interpretation_25	43
696056.900000	672775.400000	1279.270000	Fault_interpretation_25	43
696255.200000	672675.400000	1561.580000	Fault_interpretation_25	43
696581.600000	672510.900000	1996.080000	Fault_interpretation_25	43
696747.900000	672427.100000	2189.870000	Fault_interpretation_25	43
697403.400000	672096.700000	3063.880000	Fault_interpretation_25	43
696403.500000	673272.600000	537.240000	Fault_interpretation_25	44
696569.900000	673188.700000	861.140000	Fault_interpretation_25	44
696736.300000	673104.800000	1160.200000	Fault_interpretation_25	44
696864.400000	673040.300000	1387.110000	Fault_interpretation_25	44
697024.400000	672959.600000	1578.140000	Fault_interpretation_25	44
697177.700000	672882.300000	1786.900000	Fault_interpretation_25	44
697377.700000	672781.500000	1991.180000	Fault_interpretation_25	44
697569.800000	672684.700000	2212.480000	Fault_interpretation_25	44
697113.400000	672914.800000	1703.860000	Fault_interpretation_25	44
698553.900000	672188.700000	3115.640000	Fault_interpretation_25	44
695140.400000	672565.400000	542.760000	Fault_interpretation_25	45
695229.700000	672520.400000	794.700000	Fault_interpretation_25	45
695300.400000	672484.800000	919.290000	Fault_interpretation_25	45
695357.800000	672455.800000	1041.130000	Fault_interpretation_25	45
695447.600000	672410.600000	1237.680000	Fault_interpretation_25	45
695537.000000	672365.500000	1439.750000	Fault_interpretation_25	45
695748.100000	672259.100000	1724.820000	Fault_interpretation_25	45
696525.400000	671867.300000	2994.630000	Fault_interpretation_25	45
696694.500000	678053.200000	592.820000	Fault_interpretation_22	46
696963.100000	677917.900000	999.720000	Fault_interpretation_22	46
696053.000000	677704.700000	446.140000	Fault_interpretation_22	47
696262.600000	677599.000000	868.250000	Fault_interpretation_22	47
696430.900000	677514.200000	1160.200000	Fault_interpretation_22	47
696494.700000	677482.000000	1301.350000	Fault_interpretation_22	47
696457.300000	677948.800000	523.620000	Fault_interpretation_22	48
696758.100000	677797.200000	1027.320000	Fault_interpretation_22	48
696898.600000	677726.400000	1185.230000	Fault_interpretation_22	48
696303.000000	677802.600000	545.700000	Fault_interpretation_22	49
696578.300000	677663.900000	1049.590000	Fault_interpretation_22	49
696635.800000	677634.900000	1174.180000	Fault_interpretation_22	49
690293.200000	675456.600000	438.430000	Fault_interpretation_97	50
690154.700000	675526.400000	655.230000	Fault_interpretation_97	50
690016.400000	675596.100000	848.440000	Fault_interpretation_97	50
690170.800000	675294.300000	513.300000	Fault_interpretation_97	51
689906.000000	675427.800000	870.450000	Fault_interpretation_97	51
689906.000000	675427.800000	869.320000	Fault_interpretation_97	51
690325.600000	675552.300000	473.830000	Fault_interpretation_97	52
690044.500000	675694.000000	844.820000	Fault_interpretation_97	52
690202.700000	675390.200000	477.040000	Fault_interpretation_97	53
689977.200000	675503.900000	873.850000	Fault_interpretation_97	53
692215.000000	681319.000000	481.410000	Fault_interpretation_80	54
692047.200000	681403.600000	703.710000	Fault_interpretation_80	54
691890.000000	681482.800000	922.540000	Fault_interpretation_80	54
692350.400000	681362.700000	513.350000	Fault_interpretation_80	55
692111.200000	681483.300000	750.050000	Fault_interpretation_80	55
691931.000000	681574.200000	936.640000	Fault_interpretation_80	55
692460.100000	681531.400000	483.670000	Fault_interpretation_80	56
692273.300000	681625.500000	801.120000	Fault_interpretation_80	56
692178.300000	681673.400000	976.850000	Fault_interpretation_80	56
687801.700000	679624.100000	232.190000	Fault_interpretation_58	57
687740.100000	679655.100000	570.580000	Fault_interpretation_58	57
687678.600000	679686.100000	795.660000	Fault_interpretation_58	57
687772.700000	679862.700000	216.290000	Fault_interpretation_58	58
687727.700000	679885.300000	554.680000	Fault_interpretation_58	58
687686.900000	679905.900000	777.870000	Fault_interpretation_58	58
688018.100000	680634.800000	207.450000	Fault_interpretation_58	59
687944.600000	680671.900000	459.040000	Fault_interpretation_58	59
687883.000000	680702.900000	792.130000	Fault_interpretation_58	59
687825.500000	680731.900000	971.040000	Fault_interpretation_58	59
687813.700000	680066.000000	225.120000	Fault_interpretation_58	60
687739.900000	680103.200000	602.500000	Fault_interpretation_58	60
687682.700000	680132.000000	857.610000	Fault_interpretation_58	60
688333.400000	681147.800000	202.150000	Fault_interpretation_58	61
688226.900000	681201.500000	524.520000	Fault_interpretation_58	61
688013.900000	681308.900000	866.450000	Fault_interpretation_58	61
688374.100000	681351.300000	209.220000	Fault_interpretation_58	62
688259.400000	681409.100000	531.590000	Fault_interpretation_58	62
688116.200000	681481.300000	898.360000	Fault_interpretation_58	62
688137.000000	680798.900000	218.050000	Fault_interpretation_58	63
688055.000000	680840.200000	455.500000	Fault_interpretation_58	63
687973.000000	680881.500000	776.110000	Fault_interpretation_58	63
687854.400000	680269.400000	210.990000	Fault_interpretation_58	64
687784.900000	680304.400000	558.210000	Fault_interpretation_58	64
687707.100000	680343.700000	829.230000	Fault_interpretation_58	64
688509.300000	681507.100000	205.690000	Fault_interpretation_58	65
688411.000000	681556.600000	404.030000	Fault_interpretation_58	65
688308.600000	681608.300000	623.810000	Fault_interpretation_58	65
688148.700000	681688.800000	939.120000	Fault_interpretation_58	65
688276.000000	680952.800000	205.690000	Fault_interpretation_58	66
688149.100000	681016.700000	524.520000	Fault_interpretation_58	66
688026.300000	681078.700000	809.790000	Fault_interpretation_58	66
687919.900000	680460.400000	207.450000	Fault_interpretation_58	67
687833.800000	680503.700000	597.190000	Fault_interpretation_58	67
687772.600000	680534.600000	893.060000	Fault_interpretation_58	67
699063.300000	671601.800000	652.730000	Fault_interpretation_72	68
698924.000000	671325.400000	1146.530000	Fault_interpretation_72	68
698854.300000	671187.100000	1367.960000	Fault_interpretation_72	68
699298.700000	671624.500000	694.830000	Fault_interpretation_72	69
699185.100000	671399.100000	1150.950000	Fault_interpretation_72	69
699032.900000	671097.100000	1549.640000	Fault_interpretation_72	69
699772.100000	671674.900000	663.770000	Fault_interpretation_72	70
699519.200000	671173.100000	1635.920000	Fault_interpretation_72	70
698907.900000	671562.300000	632.520000	Fault_interpretation_72	71
699150.900000	671439.800000	1055.980000	Fault_interpretation_72	71
699317.300000	671356.000000	1274.620000	Fault_interpretation_72	71
699573.500000	671226.800000	1562.630000	Fault_interpretation_72	71
699650.100000	671188.200000	1631.830000	Fault_interpretation_72	71
699552.200000	671682.900000	670.390000	Fault_interpretation_72	72
699265.800000	671114.700000	1616.040000	Fault_interpretation_72	72
699285.600000	671595.900000	710.000000	Fault_interpretation_72	73
699445.600000	671515.200000	1008.870000	Fault_interpretation_72	73
699625.200000	671424.700000	1230.450000	Fault_interpretation_72	73
699893.700000	671289.400000	1462.880000	Fault_interpretation_72	73
700079.200000	671195.900000	1606.800000	Fault_interpretation_72	73
699997.200000	671677.100000	787.740000	Fault_interpretation_72	74
699806.300000	671298.200000	1425.530000	Fault_interpretation_72	74
699749.500000	671185.500000	1664.630000	Fault_interpretation_72	74
694330.500000	674093.500000	651.480000	Fault_interpretation_47	75
694449.200000	674033.700000	910.240000	Fault_interpretation_47	75
694543.500000	673986.200000	1057.240000	Fault_interpretation_47	75
694670.400000	674370.100000	660.430000	Fault_interpretation_47	76
694809.600000	674300.000000	869.490000	Fault_interpretation_47	76
694936.700000	674235.900000	1032.390000	Fault_interpretation_47	76
694850.600000	674503.300000	690.460000	Fault_interpretation_47	77
695010.200000	674422.800000	912.010000	Fault_interpretation_47	77
695084.000000	674385.600000	1020.020000	Fault_interpretation_47	77
694486.100000	674239.000000	655.130000	Fault_interpretation_47	78
694592.600000	674185.400000	860.540000	Fault_interpretation_47	78
694723.600000	674119.300000	1080.320000	Fault_interpretation_47	78
694075.000000	673550.400000	537.720000	Fault_interpretation_61	79
694208.100000	673483.300000	823.340000	Fault_interpretation_61	79
694433.400000	673369.700000	1153.280000	Fault_interpretation_61	79
694507.100000	673332.600000	1255.520000	Fault_interpretation_61	79
694257.200000	673682.500000	570.850000	Fault_interpretation_61	80
694431.200000	673594.800000	878.700000	Fault_interpretation_61	80
694682.100000	673468.300000	1235.290000	Fault_interpretation_61	80
694702.900000	673457.900000	1306.100000	Fault_interpretation_61	80
694056.700000	673447.600000	496.620000	Fault_interpretation_61	81
694191.800000	673379.500000	842.070000	Fault_interpretation_61	81
694413.000000	673268.000000	1160.910000	Fault_interpretation_61	81
694462.000000	673243.300000	1216.730000	Fault_interpretation_61	81
694444.600000	673812.000000	608.540000	Fault_interpretation_61	82
694603.300000	673732.100000	960.710000	Fault_interpretation_61	82
694532.300000	672872.000000	714.460000	Fault_interpretation_27	83
694269.700000	673004.300000	1032.840000	Fault_interpretation_27	83
694141.600000	673068.900000	1162.960000	Fault_interpretation_27	83
695930.500000	673735.000000	719.980000	Fault_interpretation_27	84
695750.900000	673825.500000	930.340000	Fault_interpretation_27	84
695527.100000	673938.300000	1226.630000	Fault_interpretation_27	84
695316.000000	674044.700000	1445.270000	Fault_interpretation_27	84
695027.900000	674189.900000	1686.170000	Fault_interpretation_27	84
694249.200000	674582.400000	2412.590000	Fault_interpretation_27	84
694748.400000	674330.800000	1911.470000	Fault_interpretation_27	84
694863.700000	674272.700000	1803.620000	Fault_interpretation_27	84
695090.000000	673262.700000	708.940000	Fault_interpretation_27	85
694962.300000	673327.100000	913.770000	Fault_interpretation_27	85
694872.500000	673372.400000	1137.930000	Fault_interpretation_27	85
694795.900000	673411.000000	1243.200000	Fault_interpretation_27	85
693242.700000	674193.900000	2462.470000	Fault_interpretation_27	85
694023.600000	673800.300000	1811.900000	Fault_interpretation_27	85
694234.700000	673693.900000	1607.070000	Fault_interpretation_27	85
694587.100000	673516.300000	1427.090000	Fault_interpretation_27	85
695693.300000	673630.600000	703.420000	Fault_interpretation_27	86
695513.700000	673721.100000	977.450000	Fault_interpretation_27	86
695340.900000	673808.200000	1245.960000	Fault_interpretation_27	86
695200.100000	673879.200000	1395.390000	Fault_interpretation_27	86
695040.000000	673959.800000	1522.750000	Fault_interpretation_27	86
694889.000000	674036.000000	1651.240000	Fault_interpretation_27	86
693903.000000	674533.000000	2365.480000	Fault_interpretation_27	86
694632.900000	674165.100000	1839.510000	Fault_interpretation_27	86
694929.800000	673119.500000	636.980000	Fault_interpretation_27	87
694731.500000	673219.500000	1002.290000	Fault_interpretation_27	87
693165.500000	674008.800000	2470.750000	Fault_interpretation_27	87
694449.700000	673361.500000	1304.110000	Fault_interpretation_27	87
694609.700000	673280.900000	1168.480000	Fault_interpretation_27	87
693914.500000	673631.300000	1706.640000	Fault_interpretation_27	87
694061.700000	673557.100000	1576.520000	Fault_interpretation_27	87
694426.400000	673373.300000	1341.330000	Fault_interpretation_27	87
693971.900000	673602.400000	1651.240000	Fault_interpretation_27	87
693888.900000	673644.200000	1737.190000	Fault_interpretation_27	87
695551.800000	673477.900000	719.980000	Fault_interpretation_27	88
695296.000000	673606.900000	1038.370000	Fault_interpretation_27	88
695014.300000	673748.900000	1381.590000	Fault_interpretation_27	88
694610.900000	673952.200000	1683.410000	Fault_interpretation_27	88
693698.100000	674412.300000	2373.760000	Fault_interpretation_27	88
695333.600000	673363.900000	664.590000	Fault_interpretation_27	89
695148.100000	673457.400000	930.340000	Fault_interpretation_27	89
694962.600000	673551.000000	1185.040000	Fault_interpretation_27	89
694604.300000	673731.600000	1478.580000	Fault_interpretation_27	89
694232.700000	673918.800000	1785.730000	Fault_interpretation_27	89
693377.400000	674349.900000	2459.710000	Fault_interpretation_27	89
694756.800000	672982.800000	661.830000	Fault_interpretation_27	90
694609.500000	673057.000000	894.450000	Fault_interpretation_27	90
694366.100000	673179.700000	1221.110000	Fault_interpretation_27	90
696378.600000	677092.600000	772.030000	Fault_interpretation_13	91
696209.800000	677177.700000	1011.280000	Fault_interpretation_13	91
695938.400000	677314.500000	1363.300000	Fault_interpretation_13	91
695590.200000	677490.000000	1657.900000	Fault_interpretation_13	91
697069.600000	677304.200000	646.800000	Fault_interpretation_13	92
696856.600000	677411.600000	913.270000	Fault_interpretation_13	92
696548.500000	677566.900000	1138.660000	Fault_interpretation_13	92
696411.400000	677098.500000	764.310000	Fault_interpretation_13	93
695671.900000	677471.200000	1663.830000	Fault_interpretation_13	93
696556.600000	677226.800000	719.090000	Fault_interpretation_13	94
696233.100000	677389.900000	1203.850000	Fault_interpretation_13	94
695844.000000	677586.100000	1664.530000	Fault_interpretation_13	94
696589.300000	677232.800000	724.870000	Fault_interpretation_13	95
696486.900000	677284.400000	905.540000	Fault_interpretation_13	95
696114.400000	677472.200000	1392.810000	Fault_interpretation_13	95
695659.500000	677701.400000	1869.360000	Fault_interpretation_13	95
696159.300000	677449.500000	1352.060000	Fault_interpretation_13	95
696425.700000	677315.300000	1001.180000	Fault_interpretation_13	95
696101.200000	676784.500000	847.270000	Fault_interpretation_13	96
695783.900000	676944.400000	1104.180000	Fault_interpretation_13	96
695594.300000	677040.000000	1254.790000	Fault_interpretation_13	96
696309.000000	676903.700000	785.280000	Fault_interpretation_13	97
696042.800000	677037.900000	1071.050000	Fault_interpretation_13	97
695766.400000	677177.200000	1431.910000	Fault_interpretation_13	97
696982.500000	677236.200000	639.470000	Fault_interpretation_13	98
696663.000000	677397.200000	984.930000	Fault_interpretation_13	98
696445.900000	677506.600000	1142.520000	Fault_interpretation_13	98
696340.800000	676910.100000	793.840000	Fault_interpretation_13	99
695598.200000	677284.400000	1644.280000	Fault_interpretation_13	99
696635.900000	677298.900000	820.480000	Fault_interpretation_13	100
696503.300000	677365.700000	1009.660000	Fault_interpretation_13	100
696339.400000	677448.300000	1135.450000	Fault_interpretation_13	100
696163.200000	677537.200000	1234.740000	Fault_interpretation_13	100
697303.900000	677410.100000	638.310000	Fault_interpretation_13	101
697018.700000	677553.900000	974.230000	Fault_interpretation_13	101
696795.800000	677666.200000	1152.790000	Fault_interpretation_13	101
695155.500000	678157.100000	754.690000	Fault_interpretation_10	102
695032.700000	678219.000000	914.170000	Fault_interpretation_10	102
694905.800000	678282.900000	1071.880000	Fault_interpretation_10	102
694750.000000	678361.500000	1183.420000	Fault_interpretation_10	102
694655.800000	678409.000000	1256.090000	Fault_interpretation_10	102
694958.900000	678054.600000	707.320000	Fault_interpretation_10	103
694794.900000	678137.200000	902.130000	Fault_interpretation_10	103
694557.400000	678256.900000	1150.180000	Fault_interpretation_10	103
694177.500000	678448.500000	1436.370000	Fault_interpretation_10	103
694455.400000	677838.000000	719.240000	Fault_interpretation_10	104
694254.700000	677939.200000	1070.110000	Fault_interpretation_10	104
694172.700000	677980.500000	1206.500000	Fault_interpretation_10	104
694728.400000	677946.800000	705.040000	Fault_interpretation_10	105
694432.500000	678095.900000	1063.360000	Fault_interpretation_10	105
694273.800000	678176.000000	1241.620000	Fault_interpretation_10	105
694668.300000	677954.700000	724.540000	Fault_interpretation_10	106
694533.200000	678022.800000	928.300000	Fault_interpretation_10	106
694209.600000	678185.900000	1337.590000	Fault_interpretation_10	106
694438.900000	678070.300000	1061.160000	Fault_interpretation_10	106
695401.300000	678257.100000	763.520000	Fault_interpretation_10	107
695311.200000	678302.600000	935.370000	Fault_interpretation_10	107
695196.500000	678360.400000	1073.640000	Fault_interpretation_10	107
695036.600000	678440.900000	1210.040000	Fault_interpretation_10	107
694832.100000	678096.100000	715.700000	Fault_interpretation_10	108
694746.000000	678139.500000	910.630000	Fault_interpretation_10	108
694582.300000	678222.000000	1103.680000	Fault_interpretation_10	108
694311.900000	678358.300000	1339.360000	Fault_interpretation_10	108
695495.400000	678321.700000	765.290000	Fault_interpretation_10	109
695409.300000	678365.100000	914.170000	Fault_interpretation_10	109
695282.400000	678429.100000	1048.790000	Fault_interpretation_10	109
694962.900000	678590.100000	1271.990000	Fault_interpretation_10	109
695212.700000	678464.200000	1112.630000	Fault_interpretation_10	109
695859.800000	669291.200000	648.790000	Fault_interpretation_65	110
695679.500000	669382.100000	854.320000	Fault_interpretation_65	110
695474.700000	669485.300000	1020.870000	Fault_interpretation_65	110
696162.000000	669400.800000	626.860000	Fault_interpretation_65	111
696254.800000	669584.900000	963.490000	Fault_interpretation_65	111
696368.500000	669810.400000	1208.000000	Fault_interpretation_65	111
696339.700000	669497.200000	763.350000	Fault_interpretation_65	112
696216.800000	669559.200000	953.860000	Fault_interpretation_65	112
696135.100000	669600.400000	1084.600000	Fault_interpretation_65	112
696063.300000	669636.600000	1144.370000	Fault_interpretation_65	112
696031.800000	669428.500000	616.990000	Fault_interpretation_65	113
695904.900000	669492.500000	808.270000	Fault_interpretation_65	113
695683.700000	669603.900000	1052.790000	Fault_interpretation_65	113
695952.300000	669429.100000	598.160000	Fault_interpretation_65	114
696060.800000	669644.300000	1114.200000	Fault_interpretation_65	114
696107.300000	669736.600000	1291.310000	Fault_interpretation_65	114
696644.900000	669567.400000	774.540000	Fault_interpretation_65	115
696542.400000	669619.000000	947.240000	Fault_interpretation_65	115
696445.100000	669668.100000	1084.600000	Fault_interpretation_65	115
696281.300000	669750.700000	1173.080000	Fault_interpretation_65	115
695618.400000	669188.900000	686.010000	Fault_interpretation_65	116
695478.900000	669259.200000	868.580000	Fault_interpretation_65	116
695261.800000	669368.600000	1047.490000	Fault_interpretation_65	116
690887.400000	681428.200000	213.240000	Fault_interpretation_31	117
690998.000000	681372.500000	502.050000	Fault_interpretation_31	117
691104.500000	681318.800000	673.890000	Fault_interpretation_31	117
691208.500000	681266.400000	852.430000	Fault_interpretation_31	117
691329.600000	681877.300000	204.410000	Fault_interpretation_31	118
691456.500000	681813.300000	418.770000	Fault_interpretation_31	118
691612.300000	681734.800000	645.510000	Fault_interpretation_31	118
691755.600000	681662.600000	812.050000	Fault_interpretation_31	118
691972.600000	681553.200000	966.230000	Fault_interpretation_31	118
691972.600000	681553.200000	967.990000	Fault_interpretation_31	118
690901.400000	681309.200000	340.830000	Fault_interpretation_31	119
690985.300000	681267.000000	610.690000	Fault_interpretation_31	119
691029.900000	681244.500000	794.390000	Fault_interpretation_31	119
691074.300000	681222.100000	887.340000	Fault_interpretation_31	119
691194.400000	681721.500000	215.010000	Fault_interpretation_31	120
691260.000000	681688.400000	370.950000	Fault_interpretation_31	120
691391.700000	681622.000000	565.000000	Fault_interpretation_31	120
691448.500000	681593.400000	679.190000	Fault_interpretation_31	120
691542.700000	681545.900000	776.600000	Fault_interpretation_31	120
691788.400000	681422.100000	939.610000	Fault_interpretation_31	120
690690.400000	681079.600000	532.440000	Fault_interpretation_31	121
690803.200000	681022.800000	766.050000	Fault_interpretation_31	121
691083.900000	681553.200000	213.240000	Fault_interpretation_31	122
691137.300000	681526.300000	339.040000	Fault_interpretation_31	122
691174.100000	681507.700000	454.230000	Fault_interpretation_31	122
691248.100000	681470.400000	568.630000	Fault_interpretation_31	122
691288.700000	681449.900000	656.220000	Fault_interpretation_31	122
691346.200000	681421.000000	735.840000	Fault_interpretation_31	122
691481.300000	681352.900000	854.570000	Fault_interpretation_31	122
690727.500000	681172.900000	422.460000	Fault_interpretation_31	123
690827.300000	681122.600000	679.890000	Fault_interpretation_31	123
690903.200000	681084.300000	826.130000	Fault_interpretation_31	123
691530.200000	682000.100000	209.710000	Fault_interpretation_31	124
691710.500000	681909.200000	517.950000	Fault_interpretation_31	124
691915.300000	681806.000000	751.860000	Fault_interpretation_31	124
692210.300000	681657.300000	1026.410000	Fault_interpretation_31	124
690805.600000	681245.500000	317.830000	Fault_interpretation_31	125
690871.200000	681212.400000	656.220000	Fault_interpretation_31	125
690953.200000	681171.100000	790.850000	Fault_interpretation_31	125
691034.900000	681129.900000	874.120000	Fault_interpretation_31	125
697053.800000	677424.200000	1140.460000	Fault_interpretation_74	126
695383.400000	678266.100000	2121.630000	Fault_interpretation_74	126
696145.200000	677882.200000	1723.010000	Fault_interpretation_74	126
697235.800000	677556.400000	1156.070000	Fault_interpretation_74	127
696882.700000	677734.400000	1368.670000	Fault_interpretation_74	127
695633.500000	678364.100000	2163.230000	Fault_interpretation_74	127
696299.000000	678028.600000	1770.130000	Fault_interpretation_74	127
696529.700000	677912.300000	1606.890000	Fault_interpretation_74	127
696638.200000	677857.700000	1515.420000	Fault_interpretation_74	127
697438.500000	677678.200000	1136.050000	Fault_interpretation_74	128
695800.100000	678504.100000	2193.780000	Fault_interpretation_74	128
696433.700000	678184.700000	1869.870000	Fault_interpretation_74	128
696837.200000	677981.300000	1573.580000	Fault_interpretation_74	128
697615.600000	677812.900000	1147.090000	Fault_interpretation_74	129
696075.600000	678589.100000	2107.830000	Fault_interpretation_74	129
697010.200000	678118.100000	1714.730000	Fault_interpretation_74	129
697260.000000	677992.200000	1507.140000	Fault_interpretation_74	129
697170.200000	678037.400000	1587.380000	Fault_interpretation_74	129
696671.000000	678289.100000	1889.200000	Fault_interpretation_74	129
697291.900000	677976.100000	1474.010000	Fault_interpretation_74	129
697854.100000	677916.700000	1133.840000	Fault_interpretation_74	130
697495.600000	678097.400000	1481.590000	Fault_interpretation_74	130
696820.500000	677317.800000	1153.860000	Fault_interpretation_74	131
695146.200000	678161.800000	2193.780000	Fault_interpretation_74	131
696055.200000	677703.600000	1667.800000	Fault_interpretation_74	131
696509.600000	677474.500000	1349.420000	Fault_interpretation_74	131
692371.600000	681576.000000	469.440000	Fault_interpretation_79	132
692171.800000	681676.700000	737.330000	Fault_interpretation_79	132
692171.800000	681676.700000	738.740000	Fault_interpretation_79	132
692271.600000	681402.500000	452.480000	Fault_interpretation_79	133
692091.400000	681493.300000	650.830000	Fault_interpretation_79	133
691973.300000	681552.800000	761.450000	Fault_interpretation_79	133
691819.100000	669536.200000	399.660000	Fault_interpretation_69	134
691914.900000	669487.900000	651.600000	Fault_interpretation_69	134
692011.000000	669439.400000	914.590000	Fault_interpretation_69	134
692139.100000	669374.900000	1177.570000	Fault_interpretation_69	134
692228.500000	669329.800000	1374.120000	Fault_interpretation_69	134
692350.200000	669268.500000	1570.670000	Fault_interpretation_69	134
690580.900000	668592.500000	474.380000	Fault_interpretation_69	135
690881.700000	668440.900000	1089.050000	Fault_interpretation_69	135
691080.000000	668340.900000	1357.560000	Fault_interpretation_69	135
691303.900000	668228.100000	1617.790000	Fault_interpretation_69	135
691623.900000	668066.800000	1980.340000	Fault_interpretation_69	135
689798.000000	667867.300000	446.770000	Fault_interpretation_69	136
689900.100000	667815.800000	809.500000	Fault_interpretation_69	136
689989.900000	667770.600000	1014.340000	Fault_interpretation_69	136
690076.900000	667726.700000	1214.570000	Fault_interpretation_69	136
690297.100000	667615.700000	1479.390000	Fault_interpretation_69	136
690514.600000	667506.100000	1753.420000	Fault_interpretation_69	136
692796.400000	670611.400000	458.580000	Fault_interpretation_69	137
692996.200000	670510.600000	861.550000	Fault_interpretation_69	137
693277.800000	670368.700000	1479.460000	Fault_interpretation_69	137
693405.800000	670304.200000	1685.440000	Fault_interpretation_69	137
691979.300000	669679.400000	424.690000	Fault_interpretation_69	138
691997.400000	669670.300000	563.880000	Fault_interpretation_69	138
692069.100000	669634.100000	701.480000	Fault_interpretation_69	138
692184.000000	669576.200000	931.150000	Fault_interpretation_69	138
692324.900000	669505.200000	1210.890000	Fault_interpretation_69	138
692433.800000	669450.300000	1385.170000	Fault_interpretation_69	138
692536.400000	669398.600000	1573.430000	Fault_interpretation_69	138
690683.600000	668764.700000	396.900000	Fault_interpretation_69	139
690824.500000	668693.700000	790.000000	Fault_interpretation_69	139
691067.500000	668571.200000	1210.890000	Fault_interpretation_69	139
691259.800000	668474.300000	1426.760000	Fault_interpretation_69	139
691553.900000	668326.000000	1700.790000	Fault_interpretation_69	139
691727.100000	668238.700000	1897.340000	Fault_interpretation_69	139
692063.000000	669861.200000	446.770000	Fault_interpretation_69	140
692184.700000	669799.800000	712.520000	Fault_interpretation_69	140
692344.700000	669719.200000	1025.380000	Fault_interpretation_69	140
692517.500000	669632.100000	1299.410000	Fault_interpretation_69	140
692683.900000	669548.200000	1548.590000	Fault_interpretation_69	140
692843.900000	669467.600000	1678.700000	Fault_interpretation_69	140
690940.000000	668859.400000	593.450000	Fault_interpretation_69	141
691080.900000	668788.400000	933.910000	Fault_interpretation_69	141
691343.000000	668656.300000	1299.410000	Fault_interpretation_69	141
691535.400000	668559.300000	1543.070000	Fault_interpretation_69	141
691855.400000	668398.000000	1814.340000	Fault_interpretation_69	141
690002.900000	667988.000000	441.250000	Fault_interpretation_69	142
690028.800000	667974.900000	726.320000	Fault_interpretation_69	142
690086.300000	667945.900000	992.070000	Fault_interpretation_69	142
690137.400000	667920.200000	1135.980000	Fault_interpretation_69	142
690259.100000	667858.900000	1263.340000	Fault_interpretation_69	142
690482.900000	667746.000000	1543.070000	Fault_interpretation_69	142
690783.800000	667594.400000	1830.900000	Fault_interpretation_69	142
692210.500000	670010.800000	394.140000	Fault_interpretation_69	143
692357.700000	669936.600000	790.000000	Fault_interpretation_69	143
692543.700000	669842.900000	1138.930000	Fault_interpretation_69	143
692703.700000	669762.200000	1382.410000	Fault_interpretation_69	143
692902.000000	669662.300000	1648.150000	Fault_interpretation_69	143
689079.100000	667333.800000	529.770000	Fault_interpretation_69	144
689220.000000	667262.800000	864.710000	Fault_interpretation_69	144
689405.500000	667169.200000	1221.930000	Fault_interpretation_69	144
689719.200000	667011.100000	1562.390000	Fault_interpretation_69	144
690103.400000	666817.400000	1866.790000	Fault_interpretation_69	144
690103.400000	666817.400000	1861.270000	Fault_interpretation_69	144
690125.200000	668150.300000	435.730000	Fault_interpretation_69	145
690169.900000	668127.800000	693.190000	Fault_interpretation_69	145
690252.900000	668085.900000	992.070000	Fault_interpretation_69	145
690349.100000	668037.400000	1174.810000	Fault_interpretation_69	145
690445.300000	667989.000000	1315.970000	Fault_interpretation_69	145
690611.700000	667905.100000	1554.110000	Fault_interpretation_69	145
690931.700000	667743.800000	1913.900000	Fault_interpretation_69	145
690925.300000	667747.000000	1911.140000	Fault_interpretation_69	145
689207.900000	667492.800000	438.490000	Fault_interpretation_69	146
689252.600000	667470.300000	731.840000	Fault_interpretation_69	146
689354.700000	667418.800000	972.740000	Fault_interpretation_69	146
689489.200000	667351.000000	1180.340000	Fault_interpretation_69	146
689707.100000	667241.200000	1426.760000	Fault_interpretation_69	146
689905.400000	667141.300000	1639.870000	Fault_interpretation_69	146
690231.800000	666976.700000	1852.980000	Fault_interpretation_69	146
692692.000000	670440.000000	557.560000	Fault_interpretation_69	147
692813.700000	670378.700000	801.040000	Fault_interpretation_69	147
692961.000000	670304.400000	1064.030000	Fault_interpretation_69	147
693088.600000	670240.100000	1313.210000	Fault_interpretation_69	147
693248.600000	670159.400000	1584.480000	Fault_interpretation_69	147
693306.500000	670130.300000	1692.510000	Fault_interpretation_69	147
693306.500000	670130.300000	1695.270000	Fault_interpretation_69	147
691081.100000	669012.300000	413.640000	Fault_interpretation_69	148
691183.700000	668960.600000	635.040000	Fault_interpretation_69	148
691311.800000	668896.000000	961.700000	Fault_interpretation_69	148
691459.000000	668821.800000	1241.250000	Fault_interpretation_69	148
691606.300000	668747.600000	1473.870000	Fault_interpretation_69	148
691811.000000	668644.400000	1664.720000	Fault_interpretation_69	148
691900.300000	668599.400000	1756.180000	Fault_interpretation_69	148
692473.900000	670326.000000	407.940000	Fault_interpretation_69	149
692595.600000	670264.600000	687.670000	Fault_interpretation_69	149
692736.500000	670193.600000	958.940000	Fault_interpretation_69	149
692883.70000
